0 0 0
 0.55153 0.499493 0.312808
  1.32662  0.498891 0.0920787
 1.65383 0.498973 0.399084
  1.6619 0.499092 0.545193
0.795823 0.499826 0.865066
 0.55153 0.499493 0.312808
0 0 0
0.514685 0.474398 0.277835
0.327441 0.249175 0.278085
 0.325614 -0.157462  0.278335
 0.494035 -0.466652  0.278425
  1.07357 -0.488862  0.278095
 1.08258  0.47774 0.277496
0.514685 0.474398 0.277835
0 0 0
   1.40862   0.178858 -0.0020558
   0.688559   -0.538754 -0.00247463
   0.962244    -1.04119 -0.00237271
     1.9957   -0.898914 -0.00183723
   1.40862   0.178858 -0.0020558
0 0 0
0.421473 0.139371 0.420699
0.504555 0.139283 0.281603
0.754602 0.139185 0.312665
0.785558 0.139214  0.42776
0.421473 0.139371 0.420699
0 0 0
0.790618 0.123564 0.319868
 0.790126 -0.265712  0.282134
0.790135 -0.32562 0.420288
0.790664 0.110651 0.421957
0.790618 0.123564 0.319868
0 0 0
0.499481 0.128381  0.27802
 0.490555 -0.267316  0.278168
 0.783606 -0.263528  0.278304
0.757632 0.106292 0.278149
0.499481 0.128381  0.27802
0 0 0
 0.508001 -0.497284  0.278227
   0.667427   -0.504861 -0.00151356
    1.10499   -0.505943 -0.00160334
0.996613  -0.4985 0.277793
 0.508001 -0.497284  0.278227
0 0 0
  0.40798 -0.360792  0.434029
 0.400851 -0.360913  0.339967
 0.450792 -0.361027  0.287843
 0.801864 -0.361342  0.278254
 0.760066 -0.361094  0.434446
  0.40798 -0.360792  0.434029
0 0 0
 0.38999 0.132641 0.278405
 0.390488 -0.285603  0.287027
 0.390657 -0.352565  0.335163
 0.390831 -0.359425  0.422241
 0.39031 0.108879  0.43156
 0.38999 0.132641 0.278405
0 0 0
   0.299199    0.366156 -0.00153787
   0.298764    0.172034 -0.00124877
0.301284 -0.11225 0.277845
0.302056 0.230967 0.277566
   0.299199    0.366156 -0.00153787
0 0 0
   0.269261     0.33325 -0.00189045
   0.235313    0.293078 -0.00217629
   0.267847    0.233348 -0.00199063
   0.269261     0.33325 -0.00189045
0 0 0
-0.000537906           -1  0.000841272
0.000593133 0.000613492           1
-0.000508035 -7.38812e-05            1
-0.000438491           -1  0.000367134
  -0.999999  0.00120809 0.000594642
-0.000467704  0.000383971            1
-0.00246611   -0.999667   0.0256746
-0.000859975    -0.999999   0.00135529
  -0.999998 -0.00115045  0.00190601
 -0.999933 0.00225857  0.0113292
 -0.00735612 -0.000898595     0.999973
