0 0 0
 0.55153 0.499493 0.312808
  1.32662  0.498891 0.0920787
 1.65383 0.498973 0.399084
  1.6619 0.499092 0.545193
0.795823 0.499826 0.865066
 0.55153 0.499493 0.312808
0 0 0
0.514708 0.475274  0.27784
0.326885 0.215553 0.278276
 0.324758 -0.157065  0.278585
 0.493658 -0.467133  0.278639
   1.0736 -0.487986  0.277967
 1.08221 0.477259 0.277165
0.514708 0.475274  0.27784
0 0 0
    1.40862    0.178857 -0.00206531
    0.68856   -0.538755 -0.00245627
   0.962244    -1.04119 -0.00236064
     1.9957   -0.898915 -0.00186026
    1.40862    0.178857 -0.00206531
0 0 0
 0.508006 -0.497281  0.278236
   0.667421   -0.504865 -0.00150956
    1.10498   -0.505946 -0.00161507
 0.996617 -0.498497  0.277785
 0.508006 -0.497281  0.278236
0 0 0
  0.55898 -0.119825   0.34031
 0.605107 -0.192641  0.362348
 0.602839 -0.117042  0.359462
  0.55898 -0.119825   0.34031
0 0 0
   0.299198    0.366156 -0.00153837
   0.298763    0.172034 -0.00124896
0.301285 -0.11225 0.277845
0.302056 0.230967 0.277566
   0.299198    0.366156 -0.00153837
0 0 0
   0.269262    0.333252 -0.00211415
   0.235312    0.293079 -0.00198957
   0.267848    0.233349 -0.00198385
   0.269262    0.333252 -0.00211415
0 0 0
-0.000537906           -1  0.000841272
 0.00118738 0.000820604    0.999999
-0.000474865 -6.83286e-05            1
-0.00246421   -0.999667   0.0256943
-0.401301 0.0229128   0.91566
 -0.999933 0.00225661   0.011332
0.00216226 0.00127373   0.999997
