0 0 0
0.591046 0.033229 1.034245
0.521740 -0.001699 0.847574
0.531063 -0.318564 0.905206
0.600508 -0.266562 1.090531
0.591046 0.033229 1.034245
0 0 0
0.539175 -0.320655 0.903652
0.681253 -0.326238 0.849719
0.733967 -0.286973 1.046034
0.610586 -0.282672 1.090006
0.539175 -0.320655 0.903652
0 0 0
0.595961 0.164733 0.888251
0.517429 0.123757 0.676895
0.521719 -0.005909 0.701639
0.554123 0.005824 0.789368
0.600277 0.108089 0.905761
0.595961 0.164733 0.888251
0 0 0
0.625545 -0.518926 0.090747
0.926013 -0.360522 0.867372
0.731950 -0.351081 0.950751
0.489859 -0.483019 0.302453
0.625545 -0.518926 0.090747
0 0 0
0.402699 -0.061077 0.042780
0.480229 -0.459595 0.295937
0.724213 -0.350070 0.954605
0.605147 -0.142263 0.606728
0.402699 -0.061077 0.042780
0 0 0
0.557684 0.002544 0.778320
0.526103 -0.013094 0.701948
0.648512 -0.026133 0.612305
0.695542 -0.012455 0.675718
0.557684 0.002544 0.778320
0 0 0
0.697724 -0.021841 0.673250
0.675788 -0.043845 0.615232
0.671961 -0.139932 0.614423
0.701409 -0.123816 0.693666
0.697724 -0.021841 0.673250
0 0 0
0.591526 0.148698 0.539899
0.602961 -0.020016 0.588395
0.619944 -0.016721 0.634665
0.591526 0.148698 0.539899
0 0 0
0.653852 -0.052394 0.595517
0.624987 -0.184343 0.632993
0.664269 -0.144693 0.610395
0.653852 -0.052394 0.595517
0 0 0
0.381420 0.130058 0.613930
0.410131 -0.165314 0.663231
0.561966 -0.166824 0.606867
0.596723 -0.122806 0.584950
0.575347 0.132133 0.541127
0.381420 0.130058 0.613930
0 0 0
0.376911 0.132375 0.610425
0.293913 0.089953 0.386895
0.302079 -0.223546 0.441003
0.382604 -0.169479 0.656567
0.376911 0.132375 0.610425
0 0 0
0.306956 -0.228923 0.437499
0.502121 -0.237255 0.359962
0.565249 -0.191742 0.587006
0.393384 -0.185462 0.649757
0.306956 -0.228923 0.437499
0 0 0
0.422329 0.810548 -0.585979
0.321305 0.657479 -0.516704
0.496360 0.335956 -0.516790
0.554917 0.411181 -0.554185
0.548598 0.578630 -0.586041
0.422329 0.810548 -0.585979
0 0 0
0.939921 -0.479296 -0.516697
1.314558 -1.167070 -0.516522
1.498982 -1.164480 -0.585356
1.097072 -0.426638 -0.585543
0.939921 -0.479296 -0.516697
0 0 0
-0.939008 0.034603 0.342151
0.032632 -0.981705 0.187589
-0.938985 0.034250 0.342250
0.032819 -0.981709 0.187536
-0.939033 0.034622 0.342081
0.032725 -0.981722 0.187486
-0.939080 0.034523 0.341961
-0.938996 0.034710 0.342171
0.341187 0.187005 0.921206
0.343509 0.187006 0.920343
-0.939026 0.034584 0.342103
0.032661 -0.981683 0.187704
0.345650 0.187945 0.919349
0.341270 0.186126 0.921353
